1490097372 1
1490109431 1
1490115308 5
1490117527 344
1490117792 346
1490118177 346
1490118660 345
1490118768 346
1490118818 345
1490268388 435
1490273237 435
1490275989 429
1490306583 430
1490339567 436
1495099808 1289
1495223621 1268
1496581347 7437
1496582436 7765
1496584466 7812
1496584901 7812
1496585602 7812
1496586255 7817
1496586985 7820
1496587862 7820
1496588518 7819
1496589792 7835
1496593866 7882
1496595234 7883
1496603686 7894
1496603707 7927
1496603980 7927
1496607323 7927
1496610173 7937
1496610391 7937
1496610869 7920
1496614230 7932
1496646850 7966
1496649994 7974
1496650433 7972
1496657217 7969
1496661356 7974
1496662365 7974
